[base]
package = ocean
env_name = puffer_g2048
policy_name = Policy
rnn_name = Recurrent

[policy]
hidden_size = 1024

[rnn]
input_size = 1024
hidden_size = 1024

[vec]
num_envs = 4

[env]
num_envs = 4096

[train]
total_timesteps = 5_000_000_000
adam_beta1 = 0.982603624444803
adam_beta2 = 0.982603624444803
adam_eps = 3.2888696338626164e-11
bptt_horizon = 64
clip_coef = 0.2709219986085283
ent_coef = 0.09221187601118314
gae_lambda = 0.5999999999999999
gamma = 0.9913033082924563
#learning_rate = 0.0032402460796988127
learning_rate = 0.001370087925623787
max_grad_norm = 3.382578348055827
minibatch_size = 32768
prio_alpha = 0.09999999999999998
prio_beta0 = 0.941336023531629
vf_clip_coef = 0.3229933703598912
vf_coef = 3.591594736259073
vtrace_c_clip = 1.405090934486193
vtrace_rho_clip = 0.836535302835556
